              precision    recall  f1-score   support

           1       0.97      0.97      0.97     14250
           2       0.93      0.90      0.92     14070
           3       0.94      0.94      0.94     14100
           4       0.94      0.95      0.95     14580
           5       0.92      0.92      0.92     12360
           6       0.91      0.94      0.92     12960
           7       0.90      0.90      0.90     14790
           8       0.95      0.93      0.94     13470

    accuracy                           0.93    110580
   macro avg       0.93      0.93      0.93    110580
weighted avg       0.93      0.93      0.93    110580