              precision    recall  f1-score   support

           1       0.98      0.96      0.97      5040
           2       0.98      0.96      0.97      4980
           3       0.95      0.98      0.97      4620
           4       0.98      0.97      0.97      4530
           5       0.97      0.96      0.97      4890
           6       0.94      0.97      0.95      4530
           7       0.97      0.96      0.97      4770
           8       0.96      0.97      0.97      4230

    accuracy                           0.97     37590
   macro avg       0.97      0.97      0.97     37590
weighted avg       0.97      0.97      0.97     37590