              precision    recall  f1-score   support

           1       0.97      0.98      0.98      4860
           2       0.96      0.96      0.96      4500
           3       0.98      0.99      0.98      4470
           4       0.96      0.98      0.97      4380
           5       0.96      0.95      0.95      4860
           6       0.96      0.98      0.97      4710
           7       0.98      0.95      0.97      4950
           8       0.97      0.96      0.97      4860

    accuracy                           0.97     37590
   macro avg       0.97      0.97      0.97     37590
weighted avg       0.97      0.97      0.97     37590